00000000000000000000000000000000000000000000000000000000000000000000000000000000000000000000000000000000000000000000000000000
00100000000100000000100000000100000000100000000100000000100000000100000000100000000100000000100000000100000000100000000100000
00100111000100111000100111000100111000100111000100111000100111000100111000100111000100111000100111000100111000100111000100111
00100000000100000000100000000100000000100000000100000000100000000100000000100000000100000000100000000100000000100000000100000
00000000000000000000000000000000000000000000000000000000000000000000000000000000000000000000000000000000000000000000000000000
00000000010000000000010000000000010000000000010000000000010000000000010000000000010000000000010000000000010000000000010000000
00111001001000111001001000111001001000111001001000111001001000111001001000111001001000111001001000111001001000111001001000111
01110001001001110001001001110001001001110001001001110001001001110001001001110001001001110001001001110001001001110001001001110
00000000100000000000100000000000100000000000100000000000100000000000100000000000100000000000100000000000100000000000100000000
00000000000000000000000000000000000000000000000000000000000000000000000000000000000000000000000000000000000000000000000000000
00000000000000000000000000000000000000000000000000000000000000000000000000000000000000000000000000000000000000000000000000000
01100001100001100001100001100001100001100001100001100001100001100001100001100001100001100001100001100001100001100001100001100
01100001000001100001000001100001000001100001000001100001000001100001000001100001000001100001000001100001000001100001000001100
00011000001000011000001000011000001000011000001000011000001000011000001000011000001000011000001000011000001000011000001000011
00011000011000011000011000011000011000011000011000011000011000011000011000011000011000011000011000011000011000011000011000011
00000000000000000000000000000000000000000000000000000000000000000000000000000000000000000000000000000000000000000000000000000
00000000000000000000000000000000000000000000000000000000000000000000000000000000000000000000000000000000000000000000000000000
00000000000000000000001000001000000000000000000000000000000000000000000001000001000000000000000000000000000000000000000000000
00001110001110000000001000001000000000110000011000000001110001110000000001000001000000000110000011000000001110001110000000000
00000000000000000000001100011000000000011000110000000000000000000000000001100011000000000011000110000000000000000000000000000
00100001010000100000000000000000000010010101010010000100001010000100000000000000000000010010101010010000100001010000100000000
00100001010000100011100110110011100011101101101110000100001010000100011100110110011100011101101101110000100001010000100000000
00100001010000100000101010101010000001010101010100000100001010000100000101010101010000001010101010100000100001010000100000000
00001110001110000000001100011000000000111000111000000001110001110000000001100011000000000111000111000000001110001110000000000
00000000000000000000000000000000000000000000000000000000000000000000000000000000000000000000000000000000000000000000000000000
00001110001110000000001100011000000000111000111000000001110001110000000001100011000000000111000111000000001110001110000000000
00100001010000100000101010101010000001010101010100000100001010000100000101010101010000001010101010100000100001010000100000000
00100001010000100011100110110011100011101101101110000100001010000100011100110110011100011101101101110000100001010000100000000
00100001010000100000000000000000000010010101010010000100001010000100000000000000000000010010101010010000100001010000100000000
00000000000000000000001100011000000000011000110000000000000000000000000001100011000000000011000110000000000000000000000000000
00001110001110000000001000001000000000110000011000000001110001110000000001000001000000000110000011000000001110001110000000000
00000000000000000000001000001000000000000000000000000000000000000000000001000001000000000000000000000000000000000000000000000
00000000000000000000000000000000000000000000000000000000000000000000000000000000000000000000000000000000000000000000000000000
00000000000000000000000000000000000000000000000000000000000000000000000000000000000000000000000000000000000000000000000000000
00000000000000000000000000000000000000000000000000000000000000000000000000000000000000000000000000000000000000000000000000000
00000000000000000000000000000000000000000000000001000000000000000000000000000000000000000000000000000000100000000000000000000
00000000000000000000000000000000000000000000000001000000000000000000000000000000000000000000000000000000100000000000000000000
00000000000000000000000000000000000000000000000000000000000000000000000000000000000000000000000000000000000000000000000000000
00001110000000001000000000000000000000100000000001000000000111000000000100000000000000000000010000000000100000000011100000000
00010001000000011100000000111000000000100000000010100000001000100000001110000000011100000000010000000001010000000100010000000
00100000100000110110000000101000000001010000000000000000010000010000011011000000010100000000101000000000000000001000001000000
00000000000001110111000000111000000000100000000011100000000000000000111011100000011100000000010000000001110000000000000000000
01000000010001110111000000111000000000100000000000000000100000001000111011100000011100000000010000000000000000010000000100000
01000000010001110111000000111000000000100000000000000000100000001000111011100000011100000000010000000000000000010000000100000
00000000000001110111000000111000000000100000000011100000000000000000111011100000011100000000010000000001110000000000000000000
00100000100000110110000000101000000001010000000000000000010000010000011011000000010100000000101000000000000000001000001000000
00010001000000011100000000111000000000100000000010100000001000100000001110000000011100000000010000000001010000000100010000000
00001110000000001000000000000000000000100000000001000000000111000000000100000000000000000000010000000000100000000011100000000
00000000000000000000000000000000000000000000000000000000000000000000000000000000000000000000000000000000000000000000000000000
00000000000000000000000000000000000000000000000001000000000000000000000000000000000000000000000000000000100000000000000000000
00000000000000000000000000000000000000000000000001000000000000000000000000000000000000000000000000000000100000000000000000000
00000000000000000000000000000000000000000000000000000000000000000000000000000000000000000000000000000000000000000000000000000
00000000000000000000000000000000000000000000000000000000000000000000000000000000000000000000000000000000000000000000000000000
00100000000100000000100000000100000000100000000100000000100000000100000000100000000100000000100000000100000000100000000100000
00100111000100111000100111000100111000100111000100111000100111000100111000100111000100111000100111000100111000100111000100111
00100000000100000000100000000100000000100000000100000000100000000100000000100000000100000000100000000100000000100000000100000
00000000000000000000000000000000000000000000000000000000000000000000000000000000000000000000000000000000000000000000000000000
00000000010000000000010000000000010000000000010000000000010000000000010000000000010000000000010000000000010000000000010000000
00111001001000111001001000111001001000111001001000111001001000111001001000111001001000111001001000111001001000111001001000111
01110001001001110001001001110001001001110001001001110001001001110001001001110001001001110001001001110001001001110001001001110
00000000100000000000100000000000100000000000100000000000100000000000100000000000100000000000100000000000100000000000100000000
00000000000000000000000000000000000000000000000000000000000000000000000000000000000000000000000000000000000000000000000000000
00000000000000000000000000000000000000000000000000000000000000000000000000000000000000000000000000000000000000000000000000000
01100001100001100001100001100001100001100001100001100001100001100001100001100001100001100001100001100001100001100001100001100
01100001000001100001000001100001000001100001000001100001000001100001000001100001000001100001000001100001000001100001000001100
00011000001000011000001000011000001000011000001000011000001000011000001000011000001000011000001000011000001000011000001000011
00011000011000011000011000011000011000011000011000011000011000011000011000011000011000011000011000011000011000011000011000011
00000000000000000000000000000000000000000000000000000000000000000000000000000000000000000000000000000000000000000000000000000
00000000000000000000000000000000000000000000000000000000000000000000000000000000000000000000000000000000000000000000000000000
00000000000000000000001000001000000000000000000000000000000000000000000001000001000000000000000000000000000000000000000000000
00001110001110000000001000001000000000110000011000000001110001110000000001000001000000000110000011000000001110001110000000000
00000000000000000000001100011000000000011000110000000000000000000000000001100011000000000011000110000000000000000000000000000
00100001010000100000000000000000000010010101010010000100001010000100000000000000000000010010101010010000100001010000100000000
00100001010000100011100110110011100011101101101110000100001010000100011100110110011100011101101101110000100001010000100000000
00100001010000100000101010101010000001010101010100000100001010000100000101010101010000001010101010100000100001010000100000000
00001110001110000000001100011000000000111000111000000001110001110000000001100011000000000111000111000000001110001110000000000
00000000000000000000000000000000000000000000000000000000000000000000000000000000000000000000000000000000000000000000000000000
00001110001110000000001100011000000000111000111000000001110001110000000001100011000000000111000111000000001110001110000000000
00100001010000100000101010101010000001010101010100000100001010000100000101010101010000001010101010100000100001010000100000000
00100001010000100011100110110011100011101101101110000100001010000100011100110110011100011101101101110000100001010000100000000
00100001010000100000000000000000000010010101010010000100001010000100000000000000000000010010101010010000100001010000100000000
00000000000000000000001100011000000000011000110000000000000000000000000001100011000000000011000110000000000000000000000000000
00001110001110000000001000001000000000110000011000000001110001110000000001000001000000000110000011000000001110001110000000000
00000000000000000000001000001000000000000000000000000000000000000000000001000001000000000000000000000000000000000000000000000
00000000000000000000000000000000000000000000000000000000000000000000000000000000000000000000000000000000000000000000000000000
00000000000000000000000000000000000000000000000000000000000000000000000000000000000000000000000000000000000000000000000000000
00000000000000000000000000000000000000000000000000000000000000000000000000000000000000000000000000000000000000000000000000000
00000000000000000000000000000000000000000000000001000000000000000000000000000000000000000000000000000000100000000000000000000
00000000000000000000000000000000000000000000000001000000000000000000000000000000000000000000000000000000100000000000000000000
00000000000000000000000000000000000000000000000000000000000000000000000000000000000000000000000000000000000000000000000000000
00001110000000001000000000000000000000100000000001000000000111000000000100000000000000000000010000000000100000000011100000000
00010001000000011100000000111000000000100000000010100000001000100000001110000000011100000000010000000001010000000100010000000
00100000100000110110000000101000000001010000000000000000010000010000011011000000010100000000101000000000000000001000001000000
00000000000001110111000000111000000000100000000011100000000000000000111011100000011100000000010000000001110000000000000000000
01000000010001110111000000111000000000100000000000000000100000001000111011100000011100000000010000000000000000010000000100000
01000000010001110111000000111000000000100000000000000000100000001000111011100000011100000000010000000000000000010000000100000
00000000000001110111000000111000000000100000000011100000000000000000111011100000011100000000010000000001110000000000000000000
00100000100000110110000000101000000001010000000000000000010000010000011011000000010100000000101000000000000000001000001000000
00010001000000011100000000111000000000100000000010100000001000100000001110000000011100000000010000000001010000000100010000000
00001110000000001000000000000000000000100000000001000000000111000000000100000000000000000000010000000000100000000011100000000
00000000000000000000000000000000000000000000000000000000000000000000000000000000000000000000000000000000000000000000000000000
00000000000000000000000000000000000000000000000001000000000000000000000000000000000000000000000000000000100000000000000000000
00000000000000000000000000000000000000000000000001000000000000000000000000000000000000000000000000000000100000000000000000000
00000000000000000000000000000000000000000000000000000000000000000000000000000000000000000000000000000000000000000000000000000
00000000000000000000000000000000000000000000000000000000000000000000000000000000000000000000000000000000000000000000000000000
00100000000100000000100000000100000000100000000100000000100000000100000000100000000100000000100000000100000000100000000100000
00100111000100111000100111000100111000100111000100111000100111000100111000100111000100111000100111000100111000100111000100111
00100000000100000000100000000100000000100000000100000000100000000100000000100000000100000000100000000100000000100000000100000
00000000000000000000000000000000000000000000000000000000000000000000000000000000000000000000000000000000000000000000000000000
00000000010000000000010000000000010000000000010000000000010000000000010000000000010000000000010000000000010000000000010000000
00111001001000111001001000111001001000111001001000111001001000111001001000111001001000111001001000111001001000111001001000111
01110001001001110001001001110001001001110001001001110001001001110001001001110001001001110001001001110001001001110001001001110
00000000100000000000100000000000100000000000100000000000100000000000100000000000100000000000100000000000100000000000100000000
00000000000000000000000000000000000000000000000000000000000000000000000000000000000000000000000000000000000000000000000000000
00000000000000000000000000000000000000000000000000000000000000000000000000000000000000000000000000000000000000000000000000000
01100001100001100001100001100001100001100001100001100001100001100001100001100001100001100001100001100001100001100001100001100
01100001000001100001000001100001000001100001000001100001000001100001000001100001000001100001000001100001000001100001000001100
00011000001000011000001000011000001000011000001000011000001000011000001000011000001000011000001000011000001000011000001000011
00011000011000011000011000011000011000011000011000011000011000011000011000011000011000011000011000011000011000011000011000011
00000000000000000000000000000000000000000000000000000000000000000000000000000000000000000000000000000000000000000000000000000
00000000000000000000000000000000000000000000000000000000000000000000000000000000000000000000000000000000000000000000000000000