00000000000000000000000000000000000000000000000000000000000000000000000000000000000000000000000000000000000000000000000000000
01100011000010001100000110001100001000110000011000110000100011000001100011000010001100000110001100001000110000011000110000100
01100100100101001100000110010010010100110000011001001001010011000001100100100101001100000110010010010100110000011001001001010
00000011000110000000000000001100011000000000000000110001100000000000000011000110000000000000001100011000000000000000110001100
00000000000000000000000000000000000000000000000000000000000000000000000000000000000000000000000000000000000000000000000000000
00110000000000000011000011000000000000001100001100000000000000110000110000000000000011000011000000000000001100001100000000000
01001000100000100010100100100010000010001010010010001000001000101001001000100000100010100100100010000010001010010010001000000
00110001010001010001000011000101000101000100001100010100010100010000110001010001010001000011000101000101000100001100010100010
00000010010010010000000000001001001001000000000000100100100100000000000010010010010000000000001001001001000000000000100100101
00000001100001100000000000000110000110000000000000011000011000000000000001100001100000000000000110000110000000000000011000010
00110000000000000011000011000000000000001100001100000000000000110000110000000000000011000011000000000000001100001100000000000
01001000000000000100100100100000000000010010010010000000000001001001001000000000000100100100100000000000010010010010000000000
00101000100001100010100010100010000110001010001010001000011000101000101000100001100010100010100010000110001010001010001000010
00010001010010010001000001000101001001000100000100010100100100010000010001010010010001000001000101001001000100000100010100101
00000001100001100000000000000110000110000000000000011000011000000000000001100001100000000000000110000110000000000000011000010
00000000000000000000000000000000000000000000000000000000000000000000000000000000000000000000000000000000000000000000000000000
01100000000000001100000110000000000000110000011000000000000011000001100000000000001100000110000000000000110000011000000000000
01010011000110010010000101001100011001001000010100110001100100100001010011000110010010000101001100011001001000010100110001100
00100011000110001100000010001100011000110000001000110001100011000000100011000110001100000010001100011000110000001000110001100
00000000000000000000000000000000000000000000000000000000000000000000000000000000000000000000000000000000000000000000000000000
00000000000000000000000000000000000000000000000000000000000000000000000000000000000000000000000000000000000000000000000000000
00100000100000100000100000100000100000100000100000100000100000100000100000100000100000100000100000100000100000100000100000100
01010001010001010001010001010001010001010001010001010001010001010001010001010001010001010001010001010001010001010001010001010
00100000100000100000100000100000100000100000100000100000100000100000100000100000100000100000100000100000100000100000100000100
00000000000000000000000000000000000000000000000000000000000000000000000000000000000000000000000000000000000000000000000000000
00000000000000000000000000000000000000000000000000000000000000000000000000000000000000000000000000000000000000000000000000000
01100011000010001100000110001100001000110000011000110000100011000001100011000010001100000110001100001000110000011000110000100
01100100100101001100000110010010010100110000011001001001010011000001100100100101001100000110010010010100110000011001001001010
00000011000110000000000000001100011000000000000000110001100000000000000011000110000000000000001100011000000000000000110001100
00000000000000000000000000000000000000000000000000000000000000000000000000000000000000000000000000000000000000000000000000000
00110000000000000011000011000000000000001100001100000000000000110000110000000000000011000011000000000000001100001100000000000
01001000100000100010100100100010000010001010010010001000001000101001001000100000100010100100100010000010001010010010001000000
00110001010001010001000011000101000101000100001100010100010100010000110001010001010001000011000101000101000100001100010100010
00000010010010010000000000001001001001000000000000100100100100000000000010010010010000000000001001001001000000000000100100101
00000001100001100000000000000110000110000000000000011000011000000000000001100001100000000000000110000110000000000000011000010
00110000000000000011000011000000000000001100001100000000000000110000110000000000000011000011000000000000001100001100000000000
01001000000000000100100100100000000000010010010010000000000001001001001000000000000100100100100000000000010010010010000000000
00101000100001100010100010100010000110001010001010001000011000101000101000100001100010100010100010000110001010001010001000010
00010001010010010001000001000101001001000100000100010100100100010000010001010010010001000001000101001001000100000100010100101
00000001100001100000000000000110000110000000000000011000011000000000000001100001100000000000000110000110000000000000011000010
00000000000000000000000000000000000000000000000000000000000000000000000000000000000000000000000000000000000000000000000000000
01100000000000001100000110000000000000110000011000000000000011000001100000000000001100000110000000000000110000011000000000000
01010011000110010010000101001100011001001000010100110001100100100001010011000110010010000101001100011001001000010100110001100
00100011000110001100000010001100011000110000001000110001100011000000100011000110001100000010001100011000110000001000110001100
00000000000000000000000000000000000000000000000000000000000000000000000000000000000000000000000000000000000000000000000000000
00000000000000000000000000000000000000000000000000000000000000000000000000000000000000000000000000000000000000000000000000000
00100000100000100000100000100000100000100000100000100000100000100000100000100000100000100000100000100000100000100000100000100
01010001010001010001010001010001010001010001010001010001010001010001010001010001010001010001010001010001010001010001010001010
00100000100000100000100000100000100000100000100000100000100000100000100000100000100000100000100000100000100000100000100000100
00000000000000000000000000000000000000000000000000000000000000000000000000000000000000000000000000000000000000000000000000000
00000000000000000000000000000000000000000000000000000000000000000000000000000000000000000000000000000000000000000000000000000
01100011000010001100000110001100001000110000011000110000100011000001100011000010001100000110001100001000110000011000110000100
01100100100101001100000110010010010100110000011001001001010011000001100100100101001100000110010010010100110000011001001001010
00000011000110000000000000001100011000000000000000110001100000000000000011000110000000000000001100011000000000000000110001100
00000000000000000000000000000000000000000000000000000000000000000000000000000000000000000000000000000000000000000000000000000
00110000000000000011000011000000000000001100001100000000000000110000110000000000000011000011000000000000001100001100000000000
01001000100000100010100100100010000010001010010010001000001000101001001000100000100010100100100010000010001010010010001000000
00110001010001010001000011000101000101000100001100010100010100010000110001010001010001000011000101000101000100001100010100010
00000010010010010000000000001001001001000000000000100100100100000000000010010010010000000000001001001001000000000000100100101
00000001100001100000000000000110000110000000000000011000011000000000000001100001100000000000000110000110000000000000011000010
00110000000000000011000011000000000000001100001100000000000000110000110000000000000011000011000000000000001100001100000000000
01001000000000000100100100100000000000010010010010000000000001001001001000000000000100100100100000000000010010010010000000000
00101000100001100010100010100010000110001010001010001000011000101000101000100001100010100010100010000110001010001010001000010
00010001010010010001000001000101001001000100000100010100100100010000010001010010010001000001000101001001000100000100010100101
00000001100001100000000000000110000110000000000000011000011000000000000001100001100000000000000110000110000000000000011000010
00000000000000000000000000000000000000000000000000000000000000000000000000000000000000000000000000000000000000000000000000000
01100000000000001100000110000000000000110000011000000000000011000001100000000000001100000110000000000000110000011000000000000
01010011000110010010000101001100011001001000010100110001100100100001010011000110010010000101001100011001001000010100110001100
00100011000110001100000010001100011000110000001000110001100011000000100011000110001100000010001100011000110000001000110001100
00000000000000000000000000000000000000000000000000000000000000000000000000000000000000000000000000000000000000000000000000000
00000000000000000000000000000000000000000000000000000000000000000000000000000000000000000000000000000000000000000000000000000
00100000100000100000100000100000100000100000100000100000100000100000100000100000100000100000100000100000100000100000100000100
01010001010001010001010001010001010001010001010001010001010001010001010001010001010001010001010001010001010001010001010001010
00100000100000100000100000100000100000100000100000100000100000100000100000100000100000100000100000100000100000100000100000100
00000000000000000000000000000000000000000000000000000000000000000000000000000000000000000000000000000000000000000000000000000
00000000000000000000000000000000000000000000000000000000000000000000000000000000000000000000000000000000000000000000000000000
01100011000010001100000110001100001000110000011000110000100011000001100011000010001100000110001100001000110000011000110000100
01100100100101001100000110010010010100110000011001001001010011000001100100100101001100000110010010010100110000011001001001010
00000011000110000000000000001100011000000000000000110001100000000000000011000110000000000000001100011000000000000000110001100
00000000000000000000000000000000000000000000000000000000000000000000000000000000000000000000000000000000000000000000000000000
00110000000000000011000011000000000000001100001100000000000000110000110000000000000011000011000000000000001100001100000000000
01001000100000100010100100100010000010001010010010001000001000101001001000100000100010100100100010000010001010010010001000000
00110001010001010001000011000101000101000100001100010100010100010000110001010001010001000011000101000101000100001100010100010
00000010010010010000000000001001001001000000000000100100100100000000000010010010010000000000001001001001000000000000100100101
00000001100001100000000000000110000110000000000000011000011000000000000001100001100000000000000110000110000000000000011000010
00110000000000000011000011000000000000001100001100000000000000110000110000000000000011000011000000000000001100001100000000000
01001000000000000100100100100000000000010010010010000000000001001001001000000000000100100100100000000000010010010010000000000
00101000100001100010100010100010000110001010001010001000011000101000101000100001100010100010100010000110001010001010001000010
00010001010010010001000001000101001001000100000100010100100100010000010001010010010001000001000101001001000100000100010100101
00000001100001100000000000000110000110000000000000011000011000000000000001100001100000000000000110000110000000000000011000010
00000000000000000000000000000000000000000000000000000000000000000000000000000000000000000000000000000000000000000000000000000
01100000000000001100000110000000000000110000011000000000000011000001100000000000001100000110000000000000110000011000000000000
01010011000110010010000101001100011001001000010100110001100100100001010011000110010010000101001100011001001000010100110001100
00100011000110001100000010001100011000110000001000110001100011000000100011000110001100000010001100011000110000001000110001100
00000000000000000000000000000000000000000000000000000000000000000000000000000000000000000000000000000000000000000000000000000
00000000000000000000000000000000000000000000000000000000000000000000000000000000000000000000000000000000000000000000000000000
00100000100000100000100000100000100000100000100000100000100000100000100000100000100000100000100000100000100000100000100000100
01010001010001010001010001010001010001010001010001010001010001010001010001010001010001010001010001010001010001010001010001010
00100000100000100000100000100000100000100000100000100000100000100000100000100000100000100000100000100000100000100000100000100
00000000000000000000000000000000000000000000000000000000000000000000000000000000000000000000000000000000000000000000000000000
00000000000000000000000000000000000000000000000000000000000000000000000000000000000000000000000000000000000000000000000000000
01100011000010001100000110001100001000110000011000110000100011000001100011000010001100000110001100001000110000011000110000100
01100100100101001100000110010010010100110000011001001001010011000001100100100101001100000110010010010100110000011001001001010
00000011000110000000000000001100011000000000000000110001100000000000000011000110000000000000001100011000000000000000110001100
00000000000000000000000000000000000000000000000000000000000000000000000000000000000000000000000000000000000000000000000000000
00110000000000000011000011000000000000001100001100000000000000110000110000000000000011000011000000000000001100001100000000000
01001000100000100010100100100010000010001010010010001000001000101001001000100000100010100100100010000010001010010010001000000
00110001010001010001000011000101000101000100001100010100010100010000110001010001010001000011000101000101000100001100010100010
00000010010010010000000000001001001001000000000000100100100100000000000010010010010000000000001001001001000000000000100100101
00000001100001100000000000000110000110000000000000011000011000000000000001100001100000000000000110000110000000000000011000010
00110000000000000011000011000000000000001100001100000000000000110000110000000000000011000011000000000000001100001100000000000
01001000000000000100100100100000000000010010010010000000000001001001001000000000000100100100100000000000010010010010000000000
00101000100001100010100010100010000110001010001010001000011000101000101000100001100010100010100010000110001010001010001000010
00010001010010010001000001000101001001000100000100010100100100010000010001010010010001000001000101001001000100000100010100101
00000001100001100000000000000110000110000000000000011000011000000000000001100001100000000000000110000110000000000000011000010
00000000000000000000000000000000000000000000000000000000000000000000000000000000000000000000000000000000000000000000000000000
01100000000000001100000110000000000000110000011000000000000011000001100000000000001100000110000000000000110000011000000000000
01010011000110010010000101001100011001001000010100110001100100100001010011000110010010000101001100011001001000010100110001100
00100011000110001100000010001100011000110000001000110001100011000000100011000110001100000010001100011000110000001000110001100
00000000000000000000000000000000000000000000000000000000000000000000000000000000000000000000000000000000000000000000000000000
00000000000000000000000000000000000000000000000000000000000000000000000000000000000000000000000000000000000000000000000000000
00100000100000100000100000100000100000100000100000100000100000100000100000100000100000100000100000100000100000100000100000100
01010001010001010001010001010001010001010001010001010001010001010001010001010001010001010001010001010001010001010001010001010
00100000100000100000100000100000100000100000100000100000100000100000100000100000100000100000100000100000100000100000100000100
00000000000000000000000000000000000000000000000000000000000000000000000000000000000000000000000000000000000000000000000000000